,BTC-USD,GLD,SPY,TLT
0,0.24684002432854024,0.25152615742932044,0.24898014563403034,0.25265367260810895
1,0.24127625836957264,0.2543265215247252,0.25105120987064616,0.253346010235056
2,0.24159960841949704,0.25338069616019626,0.2535440282835594,0.2514756671367474
3,0.23994301672335927,0.25395544378182644,0.2548456666293015,0.25125587286551276
4,0.2408307989718574,0.252975390774054,0.2583682374622668,0.24782557279182185
5,0.23997634489008557,0.2528248805321548,0.25783679578790064,0.249361978789859
6,0.2278316374074806,0.25542464415394234,0.26532817652172497,0.251415541916852
7,0.2273598506715557,0.25458098846429034,0.26686204846040823,0.25119711240374565
8,0.22482502202338503,0.2549646368518957,0.2675530016648357,0.2526573394598835
9,0.22673787950664076,0.2539129367580159,0.26939696518693196,0.2499522185484112
10,0.21619705219716556,0.25481858506473953,0.2738963716871435,0.25508799105095126
11,0.22116126434349662,0.25076768797879545,0.2741530227680596,0.25391802490964827
12,0.21830798330963538,0.247083751591184,0.27940216888958225,0.25520609620959833
13,0.21295729453465437,0.2479535758996531,0.2818173240286796,0.2572718055370129
14,0.21445665543647854,0.2476437820940694,0.28031202148922224,0.25758754098022985
15,0.2198335597590402,0.24180300786594452,0.2815886268551506,0.25677480551986465
16,0.2247622224626168,0.24057758476609167,0.28105053692678983,0.25360965584450185
17,0.21911893126858759,0.24593060687541232,0.2798125533451957,0.25513790851080453
18,0.23237374737543154,0.23846206719708077,0.2784236140496215,0.2507405713778663
19,0.23186072373447333,0.24080941505405404,0.2774985609683786,0.2498313002430941
20,0.2760649834809786,0.24068747486315317,0.24159534671688943,0.24165219493897885
21,0.2743923509211295,0.24120839801305582,0.24202235010836912,0.24237690095744557
22,0.2611540984150819,0.24921453678148517,0.24407230047759293,0.24555906432583993
23,0.2563577722124411,0.25037730956906945,0.24627243395498688,0.24699248426350248
24,0.24912542583835695,0.2535578410209457,0.24866583121168878,0.2486509019290085
25,0.25303455681751147,0.25089451644628946,0.2486371086555502,0.24743381808064877
26,0.24016537738994806,0.25637159889873584,0.251908826646151,0.25155419706516496
27,0.23559161614690438,0.25773279402919136,0.2534310740410742,0.25324451578282986
28,0.24820523520419877,0.25276662507534764,0.24985127983649147,0.2491768598839619
29,0.2468222549958961,0.2529917111228231,0.24930860064661825,0.25087743323466233
30,0.24311312414992314,0.25347085072179565,0.25089810204165436,0.2525179230866266
31,0.24840501836102613,0.24668598458844204,0.25038488156160477,0.2545241154889268
32,0.24819716543102058,0.2542335887013718,0.24660445445359586,0.2509647914140114
33,0.25021610263155136,0.2517457121078351,0.24885766434623266,0.24918052091438056
34,0.2459587472967974,0.25424585834581775,0.2497302852274078,0.2500651091299766
35,0.24305595495530052,0.253959098568904,0.2501420206553958,0.2528429258203993
36,0.24766485819398334,0.25064729935711655,0.25043726640014485,0.25125057604875484
37,0.23900757958741123,0.25504306980895136,0.25018651867422076,0.2557628319294163
38,0.23254207557810264,0.2603209884574628,0.25003954672679773,0.2570973892376365
39,0.23015772952251304,0.26153322523118716,0.24762656110115852,0.26068248414514095
40,0.2517908397057747,0.24826331078901387,0.2500918428901022,0.24985400661510926
41,0.25320916909106794,0.24763282604845333,0.24597812058524945,0.2531798842752293
42,0.25148029815724154,0.24457777722845395,0.2477241260602893,0.25621779855401516
43,0.2405258425142093,0.24858811230991404,0.24854491278283417,0.2623411323930424
44,0.23615632263547778,0.2482160731133617,0.25450123733126123,0.2611263669198992
45,0.23053945178276525,0.2508322282188827,0.2614603000150793,0.2571680199832727
46,0.23329463416614238,0.2479106720387404,0.2603728185740246,0.2584218752210925
47,0.2417400512235241,0.24142962356942035,0.25980427578607557,0.2570260494209798
48,0.24428545553726716,0.24242913923258586,0.26079183737556144,0.2524935678545854
49,0.2371102470360983,0.24432395128906229,0.2627856355319079,0.2557801661429313
50,0.23861888269197415,0.2462483307600026,0.2609836629298775,0.2541491236181455
51,0.22992517831859766,0.2466146500289575,0.26440733033618163,0.259052841316263
52,0.22823664309222033,0.2496246682505766,0.262682502023544,0.2594561866336588
53,0.234801015953101,0.24579893645136106,0.25975583920899786,0.25964420838653995
54,0.2309864792587561,0.24687957452423737,0.25961782120055926,0.26251612501644717
55,0.2050537467598531,0.2579990601841204,0.2624391263302602,0.27450806672576616
56,0.21069278584900242,0.257342940885759,0.2563883961400841,0.27557587712515424
57,0.21509663922998432,0.2540378859712818,0.2577529791051585,0.27311249569357504
58,0.2086578918838354,0.255099687396045,0.26449851587059625,0.271743904849523
59,0.21191602376743363,0.2557233419486336,0.2600675690789545,0.27229306520497804
60,0.23395730075853158,0.2574021422648201,0.25259291837648146,0.2560476386001669
61,0.20250180268239068,0.2676185323761063,0.26276669627298405,0.2671129686685191
62,0.16219916495703077,0.28069162594231056,0.2743754702548518,0.282733738845807
63,0.1823329279943847,0.27781674408738277,0.26253828003597235,0.2773120478822604
64,0.1804577955898851,0.2808766770120768,0.26544290200682724,0.27322262539121117
65,0.18127527766922633,0.2816692335459457,0.2631747862285123,0.273880702556316
66,0.192039555082851,0.27864268541125004,0.26159463198037447,0.26772312752552474
67,0.19540713776945803,0.27794100400024435,0.26268174546310147,0.26397011276719645
68,0.19505626817951827,0.2758411127268741,0.2613593161791927,0.2677433029144153
69,0.22015272194371532,0.26554033088066453,0.25474337839501204,0.2595635687806086
70,0.21369482610648047,0.27077399670634394,0.2534261732219803,0.26210500396519576
71,0.19340810877365658,0.27597108176825363,0.2569889507144057,0.2736318587436845
72,0.19419939472894102,0.2715297243266751,0.26086332815271007,0.2734075527916742
73,0.1879311186112186,0.27709560725557275,0.25717595242296776,0.2777973217102414
74,0.1956534463979392,0.27223040854688846,0.25793129246836266,0.27418485258681025
75,0.1891696735282691,0.2731109812199393,0.2654684416423378,0.2722509036094544
76,0.18876738310507774,0.2742220149071648,0.26437644316610215,0.27263415882165587
77,0.18196783900589128,0.2769571458830538,0.2692307234534924,0.27184429165756296
78,0.1878512360343547,0.2720359065942023,0.270811016374225,0.26930184099721843
79,0.18644253681521267,0.27386889626095157,0.2702084030811261,0.26948016384271006
80,0.24997399215176727,0.24880784868122402,0.2529344640289396,0.24828369513806914
81,0.25000348107669856,0.24661384435172337,0.2538673412233396,0.2495153333482385
82,0.2516457167235193,0.24592885623014096,0.2549977963761876,0.2474276306701522
83,0.26278161265003325,0.24364203656995412,0.2522920999888936,0.241284250791119
84,0.2713227535891996,0.23915378399293136,0.2522819292697047,0.23724153314816424
85,0.2647085266123558,0.24131186841315133,0.25386166944884325,0.24011793552564956
86,0.2686233225910812,0.24005116786569877,0.2532270754984516,0.23809843404476844
87,0.27122280162782797,0.23755899796236835,0.25354482772746767,0.23767337268233593
88,0.2663994533760141,0.23846681592720095,0.25414711709502663,0.2409866136017582
89,0.26533891046425034,0.23732343276393178,0.25402044341631574,0.24331721335550208
90,0.26384289000272987,0.23814975926055693,0.2537214494702997,0.24428590126641345
91,0.2637522447628657,0.23988500426026793,0.25445573202177196,0.2419070189550943
92,0.276925011560475,0.23534629970630774,0.2485968321978918,0.23913185653532526
93,0.2942083127080821,0.23001228629236228,0.24550816011574206,0.23027124088381334
94,0.2993479133510066,0.22865589254605612,0.24349919724156363,0.22849699686137345
95,0.2932708184766424,0.23046839164827262,0.24515805758635253,0.23110273228873215
96,0.29566433452182256,0.22954781324583648,0.24467971060950042,0.23010814162284035
97,0.29750046832944493,0.22744235267516794,0.2458064262851836,0.22925075271020331
98,0.3088185919107993,0.22293587807921272,0.2416950332858004,0.2265504967241874
99,0.31104426756606235,0.22179413011135118,0.23769504884884599,0.22946655347374045
100,0.2530040089859336,0.24758904241273383,0.2485074020845081,0.2508995465168245
101,0.25097819160766355,0.24723506440844542,0.2513553644506253,0.25043137953326594
102,0.24556823820357973,0.25003421946564064,0.25227322946208935,0.2521243128686904
103,0.24755311447834205,0.24738066271455236,0.25306834360886404,0.25199787919824157
104,0.24425258600702768,0.24712240374919164,0.2534275894372946,0.2551974208064861
105,0.22091056575888846,0.255406370889692,0.26000624459163724,0.2636768187597824
106,0.2245870960768913,0.2549092569516584,0.25849780636349157,0.26200584060795884
107,0.2236721768586716,0.25594428829665233,0.2588939926150088,0.2614895422296673
108,0.22675886652869556,0.25627552317028446,0.2570986276528721,0.25986698264814784
109,0.21163902622582498,0.26135857944291385,0.26008413669706654,0.2669182576341945
110,0.2132704918661551,0.26309676226726136,0.2575893557324552,0.2660433901341282
111,0.21551361524494236,0.2650938987875424,0.2572496883533398,0.26214279761417536
112,0.21387364428067746,0.2637177445946337,0.2574375829780442,0.2649710281466445
113,0.21447196273219138,0.2609029360367758,0.26076418326097567,0.2638609179700571
114,0.2126143266273834,0.26195644963698794,0.25972442554167297,0.26570479819395565
115,0.21320088493132197,0.26385222050737406,0.2563389330620401,0.26660796149926397
116,0.21760100660428666,0.2625338521813463,0.25668553313680154,0.2631796080775655
117,0.21851268631402634,0.26425387241002385,0.2569770432603185,0.2602563980156313
118,0.21691915509372856,0.26341418694330654,0.2567610388418303,0.2629056191211345
119,0.21142442714651613,0.26396828910656134,0.2596034794086493,0.2650038043382731
120,0.24994105820702334,0.2495781989558301,0.25243483907795805,0.24804590375918842
121,0.24283625942514245,0.253245810526555,0.25466749925450255,0.2492504307937999
122,0.2341765753830694,0.25518793807646134,0.25730536895031414,0.253330117590155
123,0.2295962881463028,0.2549074577111756,0.25909382583126295,0.2564024283112584
124,0.23258423017457414,0.25506644399246653,0.2581921328671894,0.2541571929657697
125,0.23683125809167427,0.25351000319089134,0.25743714630927356,0.25222159240816067
126,0.23197849499961304,0.2559974016698159,0.25569128307570005,0.25633282025487086
127,0.23380873270528085,0.25406522103125095,0.258041339631801,0.25408470663166705
128,0.24201368339274817,0.25278743284850824,0.2549748894033184,0.2502239943554251
129,0.24262036677334153,0.25116319506116686,0.2580687690736553,0.24814766909183616
130,0.24354125239361127,0.2515048982320525,0.2572007121745415,0.24775313719979447
131,0.2397695181863944,0.24965324719332666,0.25956945167922396,0.25100778294105475
132,0.2372692946155619,0.254170576004959,0.2580132710228512,0.25054685835662766
133,0.234640797519042,0.25740577957939503,0.2598829636162726,0.24807045928529003
134,0.23600802927420383,0.2571277057641072,0.260373788547057,0.24649047641463157
135,0.24564078749631335,0.2515922919325219,0.25677812545428497,0.24598879511687943
136,0.2427575559937811,0.25216277440154206,0.26103420103835956,0.24404546856631693
137,0.24796418261518044,0.2524466815492914,0.2597387999099245,0.2398503359256034
138,0.24632984838348473,0.25458974504791315,0.2582035975588092,0.24087680900979264
139,0.24255204896228363,0.2575629405651442,0.2602778173282028,0.23960719314436899
140,0.2554396600551265,0.2453958848538324,0.2484234937588456,0.25074096133219553
141,0.2592491947218585,0.24364827397996974,0.24867757526598772,0.248424956032184
142,0.2600485498368093,0.24517434074167155,0.2500050651489302,0.24477204427258903
143,0.25870420427678764,0.24705143291876525,0.24904555285316068,0.24519880995128654
144,0.25425242659029834,0.25210902521934,0.24976032544327606,0.2438782227470858
145,0.2535274870642875,0.25215723124088607,0.2510461347082616,0.24326914698656504
146,0.252588907534316,0.25125711793918537,0.24967628738091277,0.24647768714558624
147,0.24983833196098465,0.2533185005820523,0.2525270500249308,0.24431611743203266
148,0.25033832413140134,0.25155786850844775,0.25424049278336625,0.24386331457678503
149,0.25184089234340146,0.25124893761779327,0.25333446563001866,0.2435757044087869
150,0.25207981643519056,0.24923273159921855,0.25288335141675783,0.24580410054883345
151,0.25620314409376693,0.2478966830690618,0.2511216634336774,0.24477850940349416
152,0.25417864649851946,0.24564143743056555,0.24982638597913648,0.25035353009177874
153,0.2535796912653919,0.24484716716806873,0.25141530914540194,0.25015783242113765
154,0.2538358775052898,0.24524496906151275,0.25125287829980375,0.24966627513339398
155,0.2538009785671411,0.24570637292364392,0.24998145750920064,0.25051119100001457
156,0.2425393220711182,0.2500046089382506,0.25509558276824107,0.2523604862223904
157,0.24557138175652188,0.2509316288543866,0.254761307520774,0.24873568186831777
158,0.2469037781988962,0.2504004359869431,0.25674064366910465,0.24595514214505626
159,0.24580965512299777,0.2492459191401576,0.2551920438621928,0.24975238187465207
160,0.25173765933089337,0.24969748920745116,0.25060536165872166,0.24795948980293384
161,0.25494092224240067,0.24972127908443217,0.24835402472185064,0.24698377395131646
162,0.25577411254691407,0.2504811355712066,0.24852259333015148,0.24522215855172774
163,0.2548235858375372,0.25193438517030997,0.2508193103657455,0.24242271862640716
164,0.25437566516127375,0.24935843257077633,0.2501997963466251,0.24606610592132466
165,0.25511135054364786,0.24971242342222685,0.2486955099400106,0.24648071609411454
166,0.26052927046814506,0.2488451523689308,0.2456848796370958,0.24494069752582825
167,0.27085567155600004,0.2437069570323565,0.24279694503881155,0.24264042637283173
168,0.26967645251238337,0.24535868521936663,0.2437004798795382,0.24126438238871156
169,0.26825483710655906,0.2474715295841199,0.24519636377120446,0.23907726953811642
170,0.2643311352548349,0.24784824051024773,0.24490206237379394,0.24291856186112323
171,0.2680744486131062,0.24572238684620826,0.24724149703084036,0.23896166750984496
172,0.2666893732965208,0.24552686848992397,0.24886747193619269,0.23891628627736233
173,0.2637362696211829,0.24599912090519327,0.248188929860088,0.2420756796135357
174,0.2660802584447126,0.24553395565662023,0.24729507275697832,0.2410907131416887
175,0.26738879594614234,0.24619981353181572,0.24765427863913486,0.23875711188290696
176,0.2772082204326231,0.24330003675805947,0.23847242858419737,0.2410193142251199
177,0.2825626471022196,0.2408941187044912,0.23808654483669173,0.23845668935659722
178,0.2796986034943602,0.24174860552550095,0.24167881704819796,0.2368739739319407
179,0.27715194399691295,0.24209917951881266,0.2422840538284301,0.23846482265584412
180,0.2584541900542239,0.24635036589864823,0.24499158868835447,0.25020385535877354
181,0.2561698289550082,0.24389659231650765,0.24695350861435966,0.25298007011412466
182,0.25973507335200047,0.2438685066690739,0.24202715890887844,0.25436926107004726
183,0.2596732676225854,0.24581987628156562,0.24381294648362994,0.25069390961221905
184,0.2705675575816415,0.2427047402000749,0.2434512643383576,0.24327643787992592
185,0.2752079442106943,0.23980533209550045,0.2442813604671013,0.24070536322670405
186,0.27167792862662915,0.23999740777577255,0.24609021995090113,0.24223444364669727
187,0.27021969197386947,0.23881788329940268,0.24609168265634346,0.2448707420703845
188,0.2640252772235136,0.23905721942498256,0.24921357081637258,0.24770393253513143
189,0.2652376750810255,0.2365404678832384,0.2493332466960088,0.24888861033972756
190,0.26687934456977924,0.23186071031446148,0.2514485552991436,0.24981138981661596
191,0.264751062952602,0.2319243510870119,0.2513075029253168,0.25201708303506964
192,0.265766085567241,0.2303934436829783,0.2505592975656604,0.2532811731841204
193,0.26475599382583903,0.22945908878267518,0.24925465628500207,0.25653026110648386
194,0.2730257450454647,0.22900197280934376,0.2437925662275915,0.25417971591760014
195,0.2769666748885271,0.22705242260975567,0.2414324244154428,0.2545484780862745
196,0.27711705523439906,0.22690237331909663,0.24384668307532265,0.25213388837118184
197,0.2734929063014113,0.22803190023038428,0.24638886773405838,0.2520863257341462
198,0.27219562424228777,0.22646530776301316,0.2468759867250033,0.25446308126969597
199,0.2692716403734659,0.22789244836905423,0.24649894048032234,0.25633697077715756
200,0.24777741579552526,0.24881996387020855,0.24996440106814433,0.25343821926612187
201,0.2508962375698695,0.24895152456423786,0.24910534727951614,0.25104689058637636
202,0.24917338060004895,0.24927243693502224,0.251163754531357,0.2503904279335716
203,0.2466514046913086,0.25079707803039,0.2495204059414173,0.25303111133688383
204,0.24647427132187905,0.2503362230614814,0.24796641690397794,0.25522308871266125
205,0.2354189377360013,0.2557544720699066,0.25392223266716,0.2549043575269318
206,0.23866392009351217,0.2549603371851317,0.24956780020313551,0.25680794251822026
207,0.23536165256430772,0.25880063759546595,0.25014695106984736,0.25569075877037856
208,0.23457235172555807,0.2580270958998965,0.2511719872702773,0.2562285651042678
209,0.23530547216126446,0.2572553383800922,0.25135468230553715,0.25608450715310593
210,0.2292286556005687,0.25888547538518325,0.25369283380222213,0.25819303521202563
211,0.1926414343976053,0.2721208493074502,0.2659387549359161,0.26929896135902825
212,0.20275027294749512,0.27090307506002204,0.2591861127566753,0.2671605392358074
213,0.20837766550061168,0.2729864702258233,0.25132950994300096,0.2673063543305639
214,0.20748879389312425,0.27680531445563006,0.2455268399075331,0.2701790517437124
215,0.1931392881590463,0.28465428561236933,0.24294238883729638,0.2792640373912878
216,0.20328245227286637,0.2813886531298788,0.2403095786160338,0.2750193159812208
217,0.20636316011512149,0.27650872746967187,0.24845335240451902,0.26867476001068746
218,0.2042860048268312,0.27517512135616057,0.2531555272012767,0.2673833466157314
219,0.20830497654974445,0.2751098547794372,0.25085957145648785,0.2657255972143303
220,0.2498301681769093,0.2515668625831121,0.2492511560513804,0.24935181318859814
221,0.2494651881694423,0.25422230364726317,0.24340111821148486,0.2529113899718096
222,0.25015695728566006,0.25228673265667284,0.2474073089321604,0.2501490011255067
223,0.24853179129778297,0.2511533232096112,0.24826149597224081,0.25205338952036505
224,0.25164652839710255,0.25006872258801666,0.2442129552207832,0.25407179379409767
225,0.26147216290039316,0.24607996491409836,0.24621367519259654,0.24623419699291207
226,0.2584738133091298,0.2456393410164883,0.24566082013742616,0.2502260255369559
227,0.25866641926091594,0.24608169557716328,0.24685802527789047,0.24839385988403045
228,0.25940847367345704,0.24461053813709546,0.24700605303667467,0.2489749351527729
229,0.2517015304582848,0.24742615668719295,0.24877993279708116,0.2520923800574411
230,0.2520626375739264,0.2473984984008741,0.2526042331453593,0.24793463087984027
231,0.24993584073056077,0.24987523105461687,0.2539754603249468,0.24621346788987558
232,0.24928637178776494,0.2509812004128805,0.2519560173568448,0.24777641044250964
233,0.25146736016705057,0.251597017580182,0.2465995662721615,0.25033605598060577
234,0.24771666993491356,0.2527689479081644,0.25059035095161486,0.24892403120530698
235,0.25097419201748616,0.2504739203825587,0.2467592658910008,0.25179262170895406
236,0.2505550177820552,0.25141659790636434,0.2463109971156922,0.2517173871958879
237,0.2524530698306815,0.2539402624922313,0.2428411468442525,0.2507655208328344
238,0.2539132837848708,0.25316932973444933,0.24354465049670157,0.2493727359839779
239,0.2584274929579411,0.25017011946406503,0.23756889769076847,0.25383348988722504
240,0.24810086825486224,0.24966827587073034,0.2508342857352741,0.25139657013913336
241,0.24731853315963767,0.24694107522191122,0.2553430985867314,0.2503972930317198
242,0.24813274759318252,0.24590623181152668,0.2552463203176563,0.25071470027763454
243,0.24536641632747372,0.2485279214054968,0.25641954103736303,0.24968612122966652
244,0.24760390060326629,0.24709067325570108,0.2599586094661856,0.24534681667484715
245,0.2512732255795734,0.24747319489555772,0.2569057735696337,0.2443478059552354
246,0.2486550473348449,0.2476716609234712,0.25958750369603006,0.244085788045654
247,0.2483881765722566,0.2468161000793159,0.26235808428430235,0.24243763906412544
248,0.24847618349062733,0.24911940919707892,0.2608618465694442,0.24154256074284974
249,0.24876501972683002,0.24899519604518566,0.25994807261052766,0.24229171161745688
250,0.2519251048976279,0.24917106838801378,0.2572193748074228,0.24168445190693566
251,0.2524816564612538,0.25154835478565546,0.2540351711796842,0.24193481757340674
252,0.2538278225111621,0.2494346739367459,0.2569156082248158,0.23982189532727635
253,0.26017308656683213,0.2457337331237371,0.25606644677048157,0.23802673353894924
254,0.2609944540715879,0.2449486723378278,0.25644759674472273,0.23760927684586167
255,0.2653960516729009,0.2451097910561975,0.2546788693870918,0.23481528788380976
256,0.263448843783119,0.24405076116300534,0.2542661378475484,0.23823425720632724
257,0.267759044379641,0.24103848452234586,0.25542624586205354,0.23577622523595967
258,0.2694210912832545,0.23996580881675045,0.25750023633084757,0.23311286356914748
259,0.27533102766462136,0.23762722927473692,0.25452322099451824,0.23251852206612333
260,0.25527939353244494,0.24856428203971212,0.24752874424367258,0.24862758018417044
261,0.26215390137317396,0.24434715339415722,0.2480887440941334,0.24541020113853546
262,0.2696066373019171,0.24165862286686252,0.24759863653646366,0.24113610329475674
263,0.278244350998359,0.23794434794137226,0.24367468652410648,0.2401366145361624
264,0.29702655891580637,0.2301752704813563,0.24005535866178274,0.2327428119410546
265,0.3208269017260297,0.2205221942489741,0.23415138991903384,0.22449951410596242
266,0.3259790275585576,0.2175882179516114,0.2325400814042352,0.22389267308559563
267,0.3122783828363869,0.22181341452465642,0.23755972008381726,0.22834848255513915
268,0.3076003668539861,0.22222485729796806,0.24142111304802674,0.2287536628000188
269,0.31175590428990574,0.2224635389009976,0.23872760749889566,0.22705294931020076
270,0.28448386263428554,0.23053923295165937,0.24848784525837406,0.2364890591556808
271,0.26854979712486127,0.23562214875541773,0.2538201915799297,0.2420078625397911
272,0.2852379894980049,0.2310364033078849,0.24533425203807135,0.23839135515603863
273,0.28497889799219794,0.23113932403878798,0.24335260766421435,0.24052917030479948
274,0.28022912602258565,0.23178425014076157,0.2473565086454501,0.24063011519120248
275,0.28365923088621614,0.22852028692899728,0.24697971896630888,0.24084076321847747
276,0.2820577992459223,0.22777274003851072,0.249827222922641,0.24034223779292585
277,0.27576821448948163,0.2310403860224667,0.2504448892835515,0.24274651020450003
278,0.2734586343260872,0.23100496955196445,0.2524657853322237,0.24307061078972467
279,0.27447595070318104,0.22926215146381707,0.2523132698127908,0.24394862802021094
280,0.24775708141822878,0.25174794940808437,0.2504251564038912,0.25006981276979573
281,0.2525793194615434,0.24917491951184628,0.24899389195697844,0.24925186906963187
282,0.2694222269864792,0.24161098670449896,0.244618020345863,0.24434876596315877
283,0.27917660762285024,0.23945141779027312,0.23984124128657858,0.24153073330029795
284,0.26928230911034357,0.24146326241232768,0.24329379348418553,0.24596063499314313
285,0.26915025138187815,0.2397568937219141,0.24290227565415898,0.24819057924204868
286,0.27226628125756314,0.2438376141137197,0.24100533765807072,0.2428907669706463
287,0.27016042480239744,0.24581566994279713,0.24233020975831382,0.2416936954964913
288,0.2872669004089225,0.23768346413200625,0.23597192083676005,0.23907771462231106
289,0.29755507878638854,0.234996152573606,0.2313482564272591,0.2361005122127462
290,0.2993093120660169,0.23479412775814287,0.2297913706506244,0.23610518952521556
291,0.2980505015149801,0.23477621570241747,0.23056840116232874,0.2366048816202735
292,0.31507479563118956,0.23017708672516507,0.22042715587951062,0.23432096176413444
293,0.31286134307551217,0.22958949618302749,0.22385674195329955,0.23369241878816055
294,0.3226028815678191,0.2256196480650411,0.2228753840199669,0.2289020863471728
295,0.31589461842916006,0.22875286161308228,0.2265248505157565,0.22882766944200106
296,0.3183361540558505,0.2248521695221806,0.2242072444779816,0.23260443194398717
297,0.3216584612123446,0.22693381345258784,0.2188867482096828,0.23252097712538466
298,0.3080395408862626,0.23255572783374326,0.22373139983110255,0.23567333144889152
299,0.3073107702113228,0.2318830709232651,0.22628723631621775,0.23451892254919426
300,0.252363683931969,0.2483310423568505,0.2521255124831039,0.2471797612280766
301,0.25690787562515294,0.2476777606535234,0.24925057409857335,0.24616378962275037
302,0.24281556292599343,0.25104027911313825,0.25398622977670277,0.25215792818416555
303,0.2478088242280908,0.24977482550847777,0.25556355363991207,0.24685279662351933
304,0.24602137105996316,0.24977119185021487,0.2557011330869766,0.24850630400284532
305,0.2480616251382356,0.2496428325353924,0.2529004785580249,0.24939506376834714
306,0.24872145881736882,0.25233523380713,0.24855055443932147,0.25039275293617963
307,0.2482032418118108,0.2531802695308201,0.24910321725110815,0.24951327140626087
308,0.2460254977138197,0.2562562890910379,0.2454105349056384,0.252307678289504
309,0.25842754873247215,0.2562288072832423,0.23611010841941008,0.2492335355648756
310,0.25707325146422244,0.2564669094545462,0.23476294536670575,0.25169689371452564
311,0.2562742735526306,0.2561135270519013,0.23678696456901976,0.2508252348264483
312,0.24968544768854367,0.2556294962153756,0.23945349490547807,0.2552315611906027
313,0.2488226023706187,0.25796242244932194,0.23439138373621107,0.2588235914438483
314,0.24863357314318443,0.25476726317968484,0.23917219259456635,0.25742697108256435
315,0.21588389777872632,0.2680940443982581,0.24372669947019235,0.2722953583528231
316,0.22318521922960696,0.2656063302303187,0.24201896514954363,0.2691894853905307
317,0.23942839740631391,0.26241631875836985,0.2329349763505507,0.26522030748476555
318,0.235080421860653,0.26428871102232093,0.23563937967674012,0.26499148744028594
319,0.2216932225152831,0.2667756026774277,0.2438221878309592,0.26770898697632994
320,0.2544202317062511,0.2510353402526239,0.24470737993199732,0.2498370481091276
321,0.25303768978662594,0.2522281489873895,0.24640714634422514,0.24832701488175918
322,0.25485124970217987,0.25316787625860393,0.24371180787284893,0.24826906616636704
323,0.24786167851651822,0.2531719479286722,0.24764078282950966,0.25132559072529964
324,0.24523889197393614,0.2519957225557314,0.2514610408535302,0.2513043446168019
325,0.2416516388074098,0.2552036586384318,0.25199163770942246,0.2511530648447356
326,0.24230246173840048,0.2550358233748068,0.2471546059482828,0.2555071089385097
327,0.23957892084929647,0.25797936864548965,0.2488451220506062,0.25359658845460753
328,0.24773597733205477,0.2566858082391217,0.24504240469562893,0.2505358097331945
329,0.24636712894947155,0.2613265038824978,0.24089152967602087,0.2514148374920096
330,0.2385677445254498,0.2655911386305549,0.2383221438898763,0.25751897295411885
331,0.23988849075049376,0.26465081861933276,0.23801439835163088,0.25744629227854243
332,0.24159786191185514,0.2646674010466839,0.23600252591056606,0.2577322111308949
333,0.23845480159367274,0.27294753276000766,0.23109351078360826,0.25750415486271133
334,0.24092914016992364,0.2708848450239844,0.23541563850666564,0.25277037629942617
335,0.2532823726086191,0.2607035545432678,0.23768028570845884,0.24833378713965396
336,0.2563156686295927,0.25987906504036484,0.23929178269733212,0.24451348363270994
337,0.25694307052840093,0.26298365787791234,0.23549487431832816,0.24457839727535827
338,0.25660547143286716,0.26204402328055604,0.23596405181142827,0.24538645347514826
339,0.2644455175202754,0.2551240258949845,0.2372910297683572,0.2431394268163826
340,0.24211463079010093,0.25585611596576846,0.24890336471215638,0.25312588853197415
341,0.2435801817080415,0.25570844443200896,0.2490680141967322,0.2516433596632173
342,0.24229397321432325,0.25527475062423166,0.25097842979009,0.25145284637135507
343,0.24671378441745692,0.2536347193686234,0.2505181750957138,0.24913332111820588
344,0.24847976355473844,0.2555083914362318,0.24717351320020134,0.24883833180882844
345,0.24751513816407394,0.25414216956755253,0.2534294962035551,0.24491319606481846
346,0.24165870109474097,0.25669261670976246,0.25515614844295964,0.24649253375253696
347,0.23913756378831125,0.259801453385456,0.25489141466110105,0.24616956816513166
348,0.23470150329786096,0.26130467275226676,0.257604699881521,0.24638912406835137
349,0.23583514851692522,0.2617253443560421,0.2569494354751021,0.2454900716519307
350,0.23599878444417813,0.2609133015779397,0.2545195275187588,0.2485683864591235
351,0.2369614206682734,0.2592403651819162,0.2562678266978178,0.24753038745199285
352,0.23716152959958495,0.262160915312429,0.2552962200708983,0.24538133501708795
353,0.23982964021521155,0.25770894754738144,0.25948067095425437,0.24298074128315286
354,0.23823470481428832,0.25587903442540755,0.2606915176146749,0.24519474314562942
355,0.23840532313535717,0.2560168452956748,0.260207979766866,0.24536985180210222
356,0.2366209586134476,0.25959107997545056,0.25963799298805573,0.24414996842304637
357,0.23778166303240128,0.25764665335290987,0.2603177054175136,0.2442539781971754
358,0.23272270706527062,0.258364068156626,0.26278921139939965,0.24612401337870382
359,0.23513450957397353,0.25685800871919723,0.2634817488923022,0.24452573281452716
360,0.2520146713250735,0.24988051582078882,0.24901467296129598,0.2490901398928417
361,0.2531483235119062,0.2452872160111108,0.2485071263244596,0.2530573341525233
362,0.25255346851233984,0.24509003588567688,0.2487954449772656,0.25356105062471757
363,0.2557900707883487,0.24425209896162065,0.2475174781876459,0.2524403520623847
364,0.24992063948223012,0.24757163179804098,0.24862777029811792,0.253879958421611
365,0.2504275528720104,0.24558618677622526,0.25125033696894034,0.252735923382824
366,0.25071282309869897,0.24586588880907792,0.249776096317603,0.25364519177462014
367,0.25104870396419365,0.24398524595083806,0.2510681954266822,0.253897854658286
368,0.2531853662202252,0.2424026688292777,0.25030594451480315,0.2541060204356939
369,0.25348421698840223,0.24432889098982838,0.24657734543643578,0.2556095465853336
370,0.2533820441671488,0.2430852587517518,0.2495186343623103,0.254014062718789
371,0.2521851655368074,0.24575566065704618,0.24573841360805226,0.25632076019809413
372,0.2514484737473697,0.2460641914815229,0.2470848178341086,0.2554025169369989
373,0.25179877293474967,0.24845552712148544,0.24560392189412808,0.254141778049637
374,0.252859279567319,0.24795983194177298,0.2473448779307153,0.2518360105601928
375,0.25203130354057085,0.24534015946038093,0.24986977892130274,0.25275875807774545
376,0.25345459734507236,0.24293898145109835,0.25096858597870986,0.2526378352251194
377,0.2549509453969442,0.24296729627384325,0.24900387443363214,0.2530778838955804
378,0.25438371124486164,0.2426908973529628,0.2508452904973465,0.2520801009048291
379,0.25644687620758794,0.24453749201346878,0.24967818729566757,0.24933744448327563
380,0.2534676058543155,0.24883416436631106,0.2503516122604758,0.24734661751889764
381,0.2573492801532428,0.24910426088114318,0.24833425531524048,0.24521220365037358
382,0.256759622862613,0.24736700356390157,0.24982376925293315,0.24604960432055234
383,0.2634953188249397,0.24607501353060315,0.24737798288772161,0.2430516847567355
384,0.2653783876152095,0.24633991272711545,0.2470319155809411,0.24124978407673392
385,0.25516631551821223,0.24925438007280876,0.2497541867354877,0.2458251176734913
386,0.2561317465267723,0.25243956713202353,0.24603265936129634,0.24539602697990795
387,0.25762016404912136,0.25536148555484395,0.24285319410560766,0.24416515629042723
388,0.2535163400759633,0.2564025075964028,0.2465926907860045,0.24348846154162962
389,0.2558130795191853,0.25492669673145274,0.24358427043564634,0.24567595331371575
390,0.25469232743714965,0.25428781602648726,0.243102041971703,0.24791781456466025
391,0.2548896801796226,0.25348258553912195,0.24256295180653412,0.2490647824747214
392,0.2591802546464693,0.25358493410329874,0.24136238444331679,0.2458724268069152
393,0.26066552102783896,0.24926853557926773,0.24248219182997216,0.24758375156292117
394,0.25563799818216054,0.25039729288334817,0.24591845905529727,0.24804624987919408
395,0.25604193192048086,0.25212224658967447,0.24300615728532143,0.2488296642045234
396,0.25768314298242967,0.25061017384128825,0.24354100397737422,0.24816567919890803
397,0.257702830784022,0.2512654661311541,0.24094943333591132,0.25008226974891284
398,0.25696917091229815,0.2515687270598757,0.2434285105095892,0.24803359151823715
399,0.2570666591362142,0.2527420388846757,0.24143938054633612,0.24875192143277414
400,0.25233388799146556,0.24746307277975665,0.2519440863787618,0.24825895285001595
401,0.24562360450265114,0.24929800195966495,0.2534169724769386,0.2516614210607451
402,0.24692654151767895,0.24805611729890184,0.25408191434375177,0.25093542683966724
403,0.2476684028494615,0.2472689679010064,0.2536516631268005,0.25141096612273134
404,0.24897407204624042,0.24322632307985978,0.25721764590807344,0.25058195896582613
405,0.25045007087876653,0.24204421258928327,0.25840384630726904,0.24910187022468105
406,0.2518868535550408,0.24058206050773615,0.25779957386295793,0.24973151207426508
407,0.2602864631211195,0.23630828506829057,0.2564265218112382,0.2469787299993516
408,0.28158682026145443,0.23006498262691438,0.2482333118239194,0.24011488528771172
409,0.2833256146292732,0.22887493318182595,0.24771111158546474,0.24008834060343598
410,0.2831728391374948,0.22777233069789643,0.24784474659169567,0.24121008357291313
411,0.2918863556923069,0.22832683340093465,0.24110513194048006,0.23868167896627845
412,0.29783106014474686,0.2266396969239875,0.24045742998710035,0.23507181294416535
413,0.2943760772856804,0.22731961425453795,0.24175834464189955,0.23654596381788215
414,0.29459744636692664,0.22884075889747596,0.24062998203073224,0.2359318127048652
415,0.29134847832748195,0.2303662860058549,0.24057017135389297,0.23771506431277017
416,0.29242703335265496,0.2310127018896298,0.2379879634791876,0.23857230127852766
417,0.33098739776752584,0.21974673176919982,0.2229868695349556,0.2262790009283187
418,0.3250597054395337,0.2220525660082235,0.22464508102835698,0.2282426475238858
419,0.3271634534075107,0.22226996445269037,0.22290525949921933,0.2276613226405796
420,0.26819276677178266,0.24157867429198726,0.2448861351058207,0.24534242383040952
421,0.26348947498985925,0.24601779603124652,0.24532831263785204,0.24516441634104227
422,0.2610899068713382,0.24618840735867684,0.24856270234203803,0.244158983427947
423,0.24244983925448715,0.24925336075935536,0.2573694687736357,0.25092733121252186
424,0.22131076417382473,0.2562963871622809,0.2640786455801081,0.25831420308378633
425,0.22938427902958825,0.25237657691147275,0.26514259055554706,0.2530965535033921
426,0.23841866911958728,0.25831095027958134,0.24950808109545014,0.25376229950538143
427,0.23491202551008838,0.25982615878695886,0.24511671729865617,0.2601450984042968
428,0.2321280842566764,0.2572445604256728,0.24971466577333268,0.2609126895443183
429,0.22940065731050893,0.2581273906508693,0.25375159549786996,0.25872035654075204
430,0.23697284904949964,0.25498789396034643,0.25280020854803537,0.25523904844211875
431,0.235895772511389,0.25656797272994897,0.2510782845816479,0.2564579701770143
432,0.23355926909032265,0.2582892625091492,0.24889190722176688,0.2592595611787615
433,0.234535768347906,0.25831774019391857,0.2489507415097642,0.25819574994841155
434,0.2246435700283604,0.2610606626913993,0.25238956454308453,0.261906202737156
435,0.22985796020748256,0.25845345654005397,0.25205140945158105,0.25963717380088264
436,0.2256157213703946,0.2587090574195174,0.2556092188319164,0.2600660023781719
437,0.23164942787924953,0.25463810282789845,0.25770898871900444,0.2560034805738478
438,0.22770825116674295,0.25652045979481747,0.2572218350985844,0.2585494539398555
439,0.2296704412743781,0.2553225795696142,0.25945565608290744,0.2555513230731006
440,0.2523373139676518,0.2494099742939784,0.2500391274191618,0.24821358431920798
441,0.2548975549304546,0.24867123083138137,0.24957432801551527,0.24685688622264865
442,0.25445580517997507,0.24866164982075756,0.24897799611426094,0.24790454888500627
443,0.25340825858922766,0.24671583792128177,0.25168275920301003,0.24819314428648043
444,0.2523889725353473,0.24969078565489955,0.24997466621759026,0.24794557559216282
445,0.2483179169376603,0.24927746972312964,0.25256958964446075,0.24983502369474922
446,0.24996308631089464,0.24785381682476756,0.25220686436516515,0.24997623249917256
447,0.2489103881123445,0.24873146968876922,0.2521538328050489,0.25020430939383737
448,0.24795928152502128,0.2507552349546607,0.24994084765299177,0.25134463586732625
449,0.24837777900297628,0.25019051594423164,0.25039047596419983,0.2510412290885922
450,0.24768170507521417,0.2513061105341303,0.24934761764647023,0.2516645667441852
451,0.23299724939343658,0.2575376587800245,0.25484495176879207,0.2546201400577468
452,0.21480153933138207,0.2665422759542476,0.2599562285147027,0.25869995619966746
453,0.2205611290206755,0.26344673970152593,0.25892229684229723,0.2570698344355012
454,0.22354071098423156,0.26199505977965776,0.2573330224444434,0.25713120679166723
455,0.2237530290418746,0.2589745740608778,0.2611455733632274,0.25612682353402
456,0.22847039315659576,0.2571445195970466,0.2593694376491788,0.25501564959717865
457,0.22665713187027453,0.2575639463812953,0.2588930877396278,0.2568858340088021
458,0.2275799220721962,0.2579414073486071,0.2574257799506524,0.257052890628544
459,0.22735176986509661,0.2571917331559793,0.2596698122185697,0.25578668476035404
460,0.24916552329585184,0.24929946805887654,0.24961128941975388,0.25192371922551765
461,0.24272065788742134,0.25257769158089605,0.25275040022332024,0.2519512503083623
462,0.24616294287973722,0.25291205558600555,0.25054463446909075,0.2503803670651664
463,0.2443022639077541,0.2529154253144624,0.25096022299552295,0.25182208778226045
464,0.2441301116567017,0.253447353465447,0.25086365435612124,0.25155888052173
465,0.24551659392967315,0.25205104277691287,0.25134567115292444,0.25108669214048956
466,0.24861890791072266,0.25007062482518905,0.24973046290445716,0.2515800043596313
467,0.2473701037257862,0.2502030466793914,0.2504044703138123,0.2520223792810103
468,0.24749275786434496,0.24891240771938794,0.25063668595334787,0.25295814846291925
469,0.24704724944050607,0.24929036503620366,0.25106299794142034,0.2525993875818699
470,0.24822561264577103,0.24930777310843172,0.2509654169644347,0.2515011972813625
471,0.24518253985227945,0.24913362900437788,0.2515236446519134,0.2541601864914293
472,0.24723865676008336,0.24722583394580916,0.251729805069494,0.2538057042246135
473,0.2467920000931254,0.24715601536447548,0.25144532166359307,0.25460666287880607
474,0.24544454112394076,0.24817963586106162,0.25147253578748063,0.25490328722751704
475,0.24610177046004517,0.24996501114472136,0.25186078197468337,0.25207243642055016
476,0.2551627715150147,0.24886301043579867,0.2473598176799592,0.24861440036922758
477,0.2567051567228316,0.24784760908913786,0.24717445615326955,0.24827277803476108
478,0.2616138654052339,0.24656586789966617,0.24664526067083695,0.2451750060242631
479,0.26362649102046665,0.24819445897037565,0.2438705585594678,0.24430849144969005
480,0.24468979764993828,0.2503256954754058,0.25421275016943967,0.25077175670521623
481,0.24702041683580173,0.25061664120693933,0.25250407181494966,0.24985887014230923
482,0.24718019584018355,0.25104092801995664,0.25197652183846203,0.24980235430139763
483,0.24614776237705174,0.24983029438478135,0.25489631458786266,0.2491256286503042
484,0.24599399697187885,0.24913078210286568,0.2538265487195989,0.2510486722056564
485,0.24674399449829637,0.2494845966968545,0.25370772499235267,0.2500636838124964
486,0.246187635559542,0.24953535530603854,0.2535286259141926,0.2507483832202268
