,BTC-USD,GLD,SPY,TLT
0,0.24684002432854024,0.25152615742932044,0.24898014563403034,0.25265367260810895
1,0.24127625836957264,0.2543265215247252,0.25105120987064616,0.253346010235056
2,0.24159960841949704,0.25338069616019626,0.2535440282835594,0.2514756671367474
3,0.23994301672335927,0.25395544378182644,0.2548456666293015,0.25125587286551276
4,0.2408307989718574,0.252975390774054,0.2583682374622668,0.24782557279182185
5,0.23997634489008557,0.2528248805321548,0.25783679578790064,0.249361978789859
6,0.2278316374074806,0.25542464415394234,0.26532817652172497,0.251415541916852
7,0.2273598506715557,0.25458098846429034,0.26686204846040823,0.25119711240374565
8,0.22482502202338503,0.2549646368518957,0.2675530016648357,0.2526573394598835
9,0.22673787950664076,0.2539129367580159,0.26939696518693196,0.2499522185484112
10,0.21619705219716556,0.25481858506473953,0.2738963716871435,0.25508799105095126
11,0.22116126434349662,0.25076768797879545,0.2741530227680596,0.25391802490964827
12,0.21830798330963538,0.247083751591184,0.27940216888958225,0.25520609620959833
13,0.21295729453465437,0.2479535758996531,0.2818173240286796,0.2572718055370129
14,0.21445665543647854,0.2476437820940694,0.28031202148922224,0.25758754098022985
15,0.2198335597590402,0.24180300786594452,0.2815886268551506,0.25677480551986465
16,0.2247622224626168,0.24057758476609167,0.28105053692678983,0.25360965584450185
17,0.21911893126858759,0.24593060687541232,0.2798125533451957,0.25513790851080453
18,0.23237374737543154,0.23846206719708077,0.2784236140496215,0.2507405713778663
19,0.23186072373447333,0.24080941505405404,0.2774985609683786,0.2498313002430941
20,0.25666788164918536,0.23241276043346693,0.2688328375985471,0.2420865203188006
21,0.2550747520907695,0.2328810617840009,0.2692678449533503,0.2427763411718792
22,0.2425522292734169,0.2403964619547295,0.27130666785750424,0.2457446409143493
23,0.2379673561441869,0.24138603480279322,0.2736026172700117,0.24704399178300807
24,0.2310988714548203,0.24428853858071148,0.27607649486831737,0.24853609509615077
25,0.23476930113263494,0.2417680544130907,0.2760965408722958,0.2473661035819785
26,0.22258647816411697,0.24677693532822564,0.279425033827629,0.25121155268002826
27,0.21824975932891028,0.2479761423161781,0.28098772905942954,0.2527863692954819
28,0.23019325556340886,0.24347123740994486,0.27732995690832485,0.2490055501183212
29,0.22890348785668974,0.2436804356714096,0.27671895162871585,0.2506971248431847
30,0.22536780111089258,0.244038170830075,0.278364845250125,0.2522291828089073
31,0.23031770816881733,0.23755146683160988,0.277848857581211,0.25428196741836173
32,0.23028057258777634,0.24498510875813975,0.27383877832526893,0.25089554032881484
33,0.23210871810339836,0.24254066028309684,0.27628720102621507,0.24906342058728953
34,0.22808819073293943,0.2448728807572817,0.27716940478157975,0.24986952372819887
35,0.22533669389221256,0.24453200269292033,0.2775529541759854,0.2525783492388815
36,0.22965071623868372,0.24138635769119135,0.2779303147913848,0.25103261127873994
37,0.22152658330872005,0.2455127088763777,0.2775310811973852,0.25542962661751695
38,0.21547840233071233,0.2505288025240073,0.2772965417800691,0.25669625336521124
39,0.21329872377057651,0.25173049944954046,0.2746587675436787,0.2603120092362043
40,0.21488508390884753,0.25004977460792094,0.2748343937518245,0.26023074773140703
41,0.21619957789522234,0.24953485023569974,0.2704438454401382,0.26382172642893964
42,0.214609533825892,0.24632563944256466,0.2722190785295157,0.26684574820202744
43,0.20485761533512417,0.24987240991180915,0.2725840606168413,0.27268591413622517
44,0.2009001588795142,0.2492058218182724,0.2787891134782703,0.271104905823943
45,0.19585511508756784,0.25148991781737995,0.2860227826389064,0.2666321844561456
46,0.19829060508356575,0.24867961777211245,0.2849694094610709,0.26806036768325076
47,0.20575547922143536,0.24251630193847615,0.28474381780509783,0.26698440103499055
48,0.2080166749626485,0.24363121988816971,0.2859563492532756,0.26239575589590597
49,0.20162529858874265,0.2451931451146944,0.28774085686005707,0.2654406994365056
50,0.20299984404279986,0.2472360362139539,0.28589688836688026,0.2638672313763658
51,0.19524977401180482,0.24715560311347845,0.28912304497089353,0.26847157790382314
52,0.19379366373744472,0.2501435352811915,0.28720404778100783,0.26885875320035574
53,0.19961992585356042,0.2466218198650415,0.2843638904841729,0.2693943637972249
54,0.1962454634290979,0.24754023990518717,0.28402252076940243,0.2721917758963122
55,0.1734089352767803,0.25749539524927595,0.28578376656839133,0.2833119029055521
56,0.1784226968031743,0.25719366904712293,0.2795786537791331,0.28480498037056934
57,0.18226717856940505,0.25405100462376934,0.28124431315470955,0.28243750365211573
58,0.17653737540015446,0.2547178364722717,0.288157746940343,0.2805870411872305
59,0.1794520450072302,0.2555657008110568,0.2835802777126137,0.2814019764690992
60,0.06699308370061016,0.2265179279785272,0.34034958723493913,0.3661394010859236
61,0.056323503467125675,0.22875679791602635,0.3439076045687901,0.37101209404805796
62,0.043510215289793944,0.23140307775942895,0.34633676093595744,0.37874994601481976
63,0.04986727856438226,0.2335102966095665,0.33787331145216615,0.3787491133738852
64,0.04934398125316877,0.23603221075765005,0.341539034778591,0.37308477321059025
65,0.04962359531327273,0.23696604271213342,0.3390038395961636,0.3744065223784302
66,0.05310412209949232,0.2368002987731737,0.34039021031125255,0.36970536881608124
67,0.05422150014955108,0.23701770255801533,0.34298228541864256,0.36577851187379085
68,0.05403694252129074,0.2348480236169081,0.3407058049244856,0.3704092289373153
69,0.06234601260202203,0.2311065062725183,0.33946751289963956,0.36707996822581995
70,0.06024216663659759,0.2345905900494973,0.3361775689643511,0.3689896743495539
71,0.05346788399587705,0.23446550168172317,0.3343054532280536,0.3777611610943461
72,0.053623590228705754,0.23042120896372445,0.3389469555162362,0.3770082452913335
73,0.05167291395820762,0.23414826923290435,0.33274022202235337,0.3814385947865347
74,0.05411935378845501,0.23141888214282003,0.3357220181467252,0.37873974592199977
75,0.052008946914004935,0.2307611873878513,0.3434394161258156,0.3737904495723282
76,0.05190137439687636,0.23171346810877036,0.34204665652783767,0.37433850096651566
77,0.04975137432032443,0.23271269523386254,0.3463743737507051,0.371161556695108
78,0.05156437768857687,0.22948748770587085,0.34979431087263835,0.36915382373291405
79,0.051145694412871055,0.23088931965328832,0.3487977041250474,0.3691672818087933
80,0.05066158797489026,0.2473876444852448,0.36838207586875377,0.33356869167111125
81,0.05062514701123429,0.2450008841570428,0.3694312127291587,0.33494275610256435
82,0.051034522508303946,0.24468872611597195,0.3716357201290256,0.3326410312466987
83,0.05395217630220798,0.2454122132810653,0.3722409564476805,0.3283946539690465
84,0.05617112464815435,0.24290369267503312,0.3753354252513785,0.3255897574254343
85,0.054414346978584514,0.24336276444860533,0.37501542564075563,0.3272074629320547
86,0.05544953850482275,0.24310170200820524,0.3756391664989302,0.32580959298804196
87,0.056103806107217415,0.2410835449669822,0.37690108887258067,0.32591156005321986
88,0.054812159461089666,0.24071407939242154,0.37578140016587563,0.32869236098061333
89,0.05450569838728253,0.2391726665940278,0.3749869434426029,0.3313346915760869
90,0.054122443711168776,0.2396691335183786,0.37402074875771024,0.33218767401274263
91,0.05412683844225199,0.24151802747338277,0.3752625661122261,0.32909256797213937
92,0.05765355148233704,0.24038159577892657,0.3719340869787131,0.3300307657600236
93,0.06241901046876144,0.23941035568285898,0.37431254379886075,0.32385809004951915
94,0.06388504826027243,0.23940617429818156,0.37344533205971747,0.3232634453818288
95,0.0621634511850625,0.23966664382945269,0.3734383775661872,0.3247315274192979
96,0.06283266219129022,0.2393258655295342,0.373672372214655,0.324169100064521
97,0.06330466120087445,0.2374375110147622,0.3758787529359673,0.32337907484839645
98,0.06653756781160475,0.23565323569203558,0.37422924099851446,0.3235799554978456
99,0.06720230111434809,0.23509421765774513,0.3690528702896358,0.32865061093827136
100,0.053024675590442195,0.293314321499318,0.35353331798985466,0.3001276849203851
101,0.05246120560842833,0.29212153726272855,0.3566406496713894,0.29877660745745366
102,0.05104967738636289,0.29381332531516896,0.3559855559765072,0.29915144132196075
103,0.05155166973772561,0.2911999671567,0.3577276974128619,0.29952066569271224
104,0.050696070172011005,0.28993355162964923,0.357050314656071,0.30232006354226854
105,0.04476843685452752,0.2925757992653566,0.3576676194036174,0.30498814447649825
106,0.04568858857534408,0.2931296708597784,0.35696053748508993,0.3042212030797873
107,0.04545919943200361,0.2940400528149039,0.3571677143796314,0.3033330333734609
108,0.04624150334940653,0.2954105677841706,0.35588347995558467,0.302464448910838
109,0.04251555607307216,0.29678373848235085,0.35465523590161385,0.3060454695429629
110,0.04293360818459656,0.2993872855873738,0.35199373489261276,0.3056853713354166
111,0.043481779516138054,0.30233161280447574,0.35231234189001825,0.3018742657893677
112,0.04308137285669006,0.30027753960112497,0.35200158310758034,0.30463950443460447
113,0.04319378521161278,0.2970167458942915,0.35648321040278275,0.30330625849131276
114,0.04275453583126492,0.29776249673623006,0.35452173626805056,0.3049612311644543
115,0.042928797189048386,0.3003113192796544,0.3503601409102101,0.306399742621087
116,0.04399431342468474,0.3000351845852868,0.3522714439523461,0.30369905803768216
117,0.044215032236878796,0.3022497019339491,0.3529620559403132,0.30057320988885855
118,0.043827720557841864,0.30084401246106685,0.35214417316005253,0.3031840938210384
119,0.042469481405518344,0.29972625272217407,0.3539750949558669,0.3038291709164403
120,0.048548468860521235,0.29178428143947227,0.37575686322866153,0.283910386471345
121,0.04681220006770475,0.29383606563832104,0.376217278499224,0.2831344557947501
122,0.04473507804772439,0.2934149272809179,0.37668063421551407,0.28516936045584357
123,0.04364713744140373,0.291669325983305,0.37745715598529195,0.2872263805899992
124,0.04435170832995737,0.2927525777613767,0.3773051980739472,0.28559051583471856
125,0.04535455327331339,0.2922094690900215,0.3778094182465003,0.2846265593901646
126,0.04424756637944128,0.2938965805133771,0.3737466263948145,0.288109226712367
127,0.044639556892320374,0.29195887297064665,0.37754448508330796,0.2858570850537248
128,0.046613095097039814,0.2930493832556518,0.37634411328099054,0.28399340836631776
129,0.04670920852974585,0.29103724150922455,0.3807416605026971,0.28151188945833244
130,0.04694071491039702,0.2917701946628248,0.37989976702928446,0.2813893233974936
131,0.04601494801074937,0.2883762547533787,0.38174929231518717,0.2838595049206846
132,0.04544748808758141,0.29302922153524896,0.37873032960657366,0.28279296077059585
133,0.04480173895810659,0.2958196044332227,0.3802671866521327,0.2791114699565378
134,0.04511323210000934,0.2958307755905377,0.38141179787290513,0.2776441944365476
135,0.04744606515547843,0.2924922505952197,0.38008211999704605,0.2799795642522557
136,0.04669331711017147,0.29193102891292905,0.38476811852145515,0.27660753545544414
137,0.04795056416520767,0.2938270311333854,0.38491186039250513,0.27331054430890156
138,0.047583467772068094,0.2960037879199476,0.3822267119722922,0.27418603233569183
139,0.04665066724054403,0.298162897187178,0.3836275286381178,0.2715589069341599
140,0.08151657120005765,0.2855055692800471,0.3666918570086915,0.26628600251120377
141,0.0829730754379871,0.2842973707898443,0.36813526332747704,0.2645942904446915
142,0.08321967185687285,0.28604628474589655,0.37005936108969745,0.26067468230753305
143,0.08272377580417636,0.28800761579343964,0.3683466103297273,0.2609219980726566
144,0.08096632616815022,0.29269644850133353,0.3678864592310362,0.2584507660994799
145,0.08064888686775668,0.2924384581166981,0.36938383774630007,0.2575288172692451
146,0.08034721836449453,0.2913833136153844,0.3673541019417283,0.26091536607839266
147,0.07920125990962364,0.29277208109788483,0.3702814436738926,0.2577452153185988
148,0.07934719433907945,0.2906911922693059,0.3727348328686187,0.2572267805229958
149,0.07994435655422596,0.29077397160307455,0.37196910078939055,0.25731257105330874
150,0.08006550464051673,0.2886038904874101,0.3715169512626912,0.25981365360938175
151,0.08169455048704316,0.288183479525177,0.37037685208341886,0.2597451179043608
152,0.08098921975156463,0.28535107620375055,0.3681946569956114,0.26546504704907326
153,0.08071598453053902,0.2841383772654991,0.3701585822818334,0.26498705592212823
154,0.08081503954839912,0.2846616900626104,0.3699995994213996,0.26452367096759066
155,0.08084052267929384,0.2853264112702548,0.36829399750724096,0.2655390685432102
156,0.07642055444951734,0.28718765838204646,0.3717765454986945,0.26461524166974154
157,0.07755177948360972,0.28890772324067865,0.3721332767523388,0.2614072205233727
158,0.07798984707109735,0.2883600859157026,0.3751077033146694,0.2585423636985304
159,0.07764006243898613,0.2870150878589002,0.37282505709780106,0.26251979260431246
160,0.09333392968619598,0.2931280652955166,0.3721215220893118,0.24141648292897563
161,0.09481334521008238,0.2940609339972053,0.3699169128723659,0.24120880792034646
162,0.0951483977638638,0.2950338054040443,0.37026600333262955,0.23955179349946237
163,0.0946013179953976,0.29613986552562355,0.372925089192477,0.23633372728650182
164,0.09448827144944594,0.29327717600276143,0.37221370707870477,0.24002084546908772
165,0.0948700593555635,0.29402983776316444,0.37039950986377085,0.2407005930175011
166,0.09737115382099082,0.2944793475794555,0.36775220946528053,0.2403972891342731
167,0.1021294652441439,0.29095975042000244,0.3666565186352452,0.24025426570060843
168,0.10152955755258566,0.2924844402817609,0.36745902632384453,0.23852697584180876
169,0.10078504033864565,0.2943917391734392,0.3689483785527056,0.23587484193520944
170,0.09908091623748874,0.2941571420783343,0.36765222936139197,0.23910971232278488
171,0.10063527769606347,0.29207300411435516,0.3717228523962948,0.2355688657932864
172,0.0999506482333204,0.29136058033414425,0.37355203696242795,0.2351367344701073
173,0.09869144095415058,0.29147079831329686,0.3719590294868057,0.23787873124574677
174,0.09976626257154218,0.29149725830536355,0.37135526119971446,0.23738121792337963
175,0.10030475644567753,0.29242729448555344,0.3720722034142466,0.2351957456545221
176,0.10517965121015452,0.29229383837997264,0.36238220606974386,0.24014430434012865
177,0.10764165931096124,0.2905652640797701,0.3632482698162191,0.23854480679304912
178,0.10614333052605397,0.29048135029444844,0.3673195703778285,0.2360557488016687
179,0.10497114639385254,0.29033352905468446,0.36751909724909737,0.23717622730236512
180,0.11120307939408564,0.3049663185971972,0.3627423038513228,0.22108829815739428
181,0.1100729777784713,0.30152539760119107,0.3651587692429543,0.2232428553773832
182,0.11211630955753484,0.30287215204748635,0.35951423814326533,0.22549730025171333
183,0.11188920367107025,0.30474975481003136,0.3615193100958771,0.221841731423021
184,0.11731871918270836,0.30278564347554476,0.36325986954333583,0.21663576779841087
185,0.11964858588380002,0.2999651964534753,0.3654691562230239,0.2149170614397006
186,0.1177867863084494,0.2993740794570155,0.36715577730801036,0.21568335692652452
187,0.11712575628165864,0.29782948290156347,0.3670676791697905,0.21797708164698726
188,0.11389500970590298,0.29670610438932077,0.36995139833632257,0.21944748756845361
189,0.11457537899155687,0.29398621758064175,0.37063811532493357,0.22080028810286775
190,0.1154165758493152,0.2884999979451504,0.37421066831485544,0.22187275789067887
191,0.11439231052815851,0.28831743054187636,0.3736615157224736,0.22362874320749146
192,0.1149982417022011,0.2868317256085495,0.37309201975660883,0.22507801293264032
193,0.11463633397483029,0.2858559141498781,0.3713928724690081,0.22811487940628322
194,0.11907647996840298,0.28736047965663253,0.3658951412856341,0.2276678990893302
195,0.12127301796567859,0.28604096698578096,0.3637860660155785,0.22889994903296176
196,0.12117609008505963,0.28546847008832743,0.3669309362240661,0.2264245036025466
197,0.11916010447640094,0.285855033840636,0.36941939043660443,0.22556547124635842
198,0.11855599597361983,0.28379810747406103,0.3700283757974979,0.22761752075482106
199,0.11709205616614478,0.285122952635481,0.36886348902982097,0.22892150216855298
200,0.11021240001097522,0.33101041111038587,0.34326891062862563,0.21550827825001326
201,0.11178420580204802,0.3317330772968821,0.3426548755192593,0.21382784138181052
202,0.11080250020019562,0.33152010056448866,0.3448200025660777,0.21285739666923792
203,0.10958295702640797,0.3332495601986634,0.342257567282541,0.21490991549238747
204,0.10960958058859416,0.3329571231725475,0.340453152294347,0.21698014394451123
205,0.10363645264485727,0.3367302014665575,0.34511150691156856,0.21452183897701657
206,0.10547984222114853,0.3370101778300274,0.3405326995980881,0.21697728035073588
207,0.10366139045668964,0.3409057743200836,0.34014501266739566,0.2152878225558309
208,0.1032641816785496,0.3397237353381417,0.3413749551978322,0.21563712778547642
209,0.10364561335917588,0.33889954434665,0.34181683396153695,0.2156380083326371
210,0.10052402604100051,0.3395442202476428,0.3434762675088023,0.21645548620255434
211,0.08224199338968531,0.34745089361820336,0.3505202595688385,0.21978685342327287
212,0.08724554850921487,0.3486450109849646,0.3443349664781912,0.2197744740276293
213,0.09013713317536613,0.3531680327982703,0.33564766161369536,0.22104717241266825
214,0.089826099154908,0.3584016564884183,0.32816664470616547,0.22360559965050827
215,0.08294906452760889,0.3656337554614869,0.3221304151078454,0.22928676490305896
216,0.08790434998935102,0.3639190136895036,0.3208256820314411,0.22735095428970448
217,0.08917869444877957,0.35737607454409054,0.3314830834451208,0.22196214756200922
218,0.08805340726083502,0.3547353000572284,0.3368856662725176,0.2203256264094191
219,0.09003538821172453,0.3556374059219732,0.33475867513118274,0.21956853073511975
220,0.07698038448235359,0.385547616117422,0.2532277893566456,0.2842442100435788
221,0.076709017588942,0.3888118686680334,0.24677321916780595,0.2877058945752186
222,0.07706262704503318,0.3865583238705729,0.25129435703660186,0.285084692047792
223,0.07650072997076063,0.3845138180123964,0.2519602230063637,0.2870252290104791
224,0.077654560706477,0.38381751787756013,0.2484755780886152,0.2900523433273476
225,0.08150179083648863,0.3815112434837625,0.2530421388814545,0.28394482679829425
226,0.08037291191532143,0.3799097765606077,0.251865125612318,0.28785218591175266
227,0.08044375799420304,0.3806457659471686,0.2531270379175992,0.2857834381410289
228,0.08077344150327873,0.37883403090861933,0.25358935070370264,0.2868031768843991
229,0.07780005943943065,0.3803899855944636,0.2535411206275882,0.28826883433851735
230,0.07797310516287087,0.3806473457197337,0.25764158623951555,0.2837379628778797
231,0.07711611389057386,0.3834680628910217,0.2583731266361605,0.28104269658224373
232,0.07682150291488565,0.38469349963131766,0.2560047269324808,0.2824802705213158
233,0.07756406533558749,0.3859880173787614,0.2507900118952334,0.2856579053904174
234,0.07617193293162965,0.3865919951004427,0.2540639666762735,0.2831721052916539
235,0.07741586845689682,0.3842844682833795,0.25096512913893976,0.28733453412078364
236,0.07722670159443527,0.3854319569653412,0.2503151703142285,0.28702617112599454
237,0.0778239999996551,0.3893622565019581,0.24682784691980175,0.28598589657858453
238,0.07839999473961876,0.3888043331212868,0.24794091119296063,0.2848547609461332
239,0.08013040951300604,0.3858188808017345,0.2428774626878392,0.29117324699741975
240,0.08190659631713247,0.3694800021621033,0.2337907451873584,0.3148226563334058
241,0.08175813448922684,0.36593557041267505,0.23831328738890986,0.31399300770918814
242,0.08210584245437029,0.364751001006687,0.23845107729558213,0.31469207924336046
243,0.08096552798606763,0.3676183661148297,0.23888340062553043,0.31253270527357213
244,0.08199263603419664,0.3667842684454041,0.2430364395366655,0.3081866559837335
245,0.0834017128476827,0.36820857712991284,0.2407423200721902,0.3076473899502141
246,0.08240008280312397,0.3679117567221772,0.2428644637595725,0.30682369671512627
247,0.08238076689587631,0.36694872036907344,0.24566267934885772,0.3050078333861925
248,0.0823336752790378,0.37003029353992,0.24403556322439238,0.3036004679566497
249,0.08242954739058689,0.3698465332716881,0.2431812167643833,0.3045427025733415
250,0.08364458512072816,0.3708523011929989,0.2411125874152941,0.30439052627097873
251,0.08374114937277767,0.3739965089891336,0.23787716687037244,0.30438517476771626
252,0.08441193383967731,0.3718419902675206,0.24121534776609813,0.302530728126704
253,0.087085428016609,0.36870996931953853,0.24198342452941807,0.3022211781344344
254,0.0874541837120537,0.36792676493409365,0.24260389372255176,0.30201515763130093
255,0.0892421055588688,0.3694647344543747,0.241778726637352,0.2995144333494045
256,0.08843539734371325,0.3672374656468125,0.24097288816907608,0.3033542488403983
257,0.09034449416340345,0.3645699846220135,0.2433172411292526,0.3017682800853306
258,0.09113264046435658,0.3638553035484291,0.24590639135026235,0.2991056646369521
259,0.09361403966325227,0.36217545585390176,0.24432227475852852,0.29988822972431745
260,0.08599339739154845,0.35980921601153937,0.21888815210573673,0.3353092344911754
261,0.08898835984351455,0.3564251772459825,0.22107071003628612,0.33351575287421675
262,0.09222251597920268,0.355216308100859,0.2223319637691574,0.33022921215078077
263,0.09588646101706656,0.3523631960073736,0.2204390945940231,0.3313112483815366
264,0.10428918997104705,0.3472856878537222,0.22125988576793232,0.3271652364072981
265,0.11532558266311642,0.34063667010308396,0.22095248423289945,0.32308526300089985
266,0.11777515957077736,0.3378186562348313,0.2205510502170731,0.32385513397731797
267,0.11139749882967917,0.3400208422216229,0.2224608496509614,0.3261208092977363
268,0.10938345629717278,0.33957963897184,0.22536543585980182,0.32567146887118503
269,0.11120515504903586,0.3409991430437643,0.22354252225916552,0.3242531796480339
270,0.09897635645418366,0.3446695232760434,0.22694793999286023,0.3294061802769122
271,0.09208699702722854,0.34719527615624307,0.2284793308836697,0.3322383959328582
272,0.09916186296430823,0.345145280248229,0.22389415968372658,0.3317986971037357
273,0.0989500153379281,0.34487460436222095,0.22181271413897943,0.334362666160871
274,0.09699982577706136,0.34476710114815856,0.22476479720504142,0.33346827586973804
275,0.09855357257865985,0.34118067578008526,0.22525996470809315,0.3350057869331611
276,0.09797452836267757,0.3399859953703035,0.22780439436542377,0.3342350819015946
277,0.09516178274094174,0.3426024599846306,0.22687038308769022,0.3353653741867367
278,0.09423014785504681,0.3420611631182119,0.22837472136554796,0.33533396766119256
279,0.09469023904950638,0.33987364709383366,0.22850108954748782,0.3369350243091713
280,0.07695316034860757,0.33375093339823303,0.25391504501568074,0.3353808612374786
281,0.07880252644617315,0.33182021665164935,0.25359526659778003,0.3357819903043974
282,0.08541372395396805,0.32693926180946853,0.2531586549330819,0.33448835930348153
283,0.08927665996092202,0.32683795493842416,0.25037609885853584,0.333509286242118
284,0.08531887732618895,0.326546126671541,0.25163928140067,0.33649571460160005
285,0.08525177292811156,0.3241424394857192,0.25115990502955843,0.3394458825566108
286,0.0864727454224945,0.3305538741323543,0.24987461967248106,0.3330987607726701
287,0.0856544799442077,0.3326550184532625,0.2508106693349897,0.33087983226754003
288,0.09253492335910929,0.3267948568795572,0.24813641639522765,0.332533803366106
289,0.09675691694728787,0.3261606541178501,0.24557886161636194,0.3315035673185002
290,0.09745950682144638,0.3263227669748277,0.2442574355267934,0.3319602906769326
291,0.09694359003593855,0.3259413822510151,0.24481562160825013,0.3322994061047963
292,0.1040228491316532,0.32436451262628335,0.23756927669640035,0.3340433615456631
293,0.10316399835808313,0.32313532600066114,0.24096642589610967,0.3327342497451461
294,0.10747807784211749,0.32083720866626086,0.24239510755953425,0.32928960593208745
295,0.10460687381111788,0.3233260487305081,0.2448747160284007,0.32719236142997343
296,0.10560651742222751,0.31838896093499147,0.24280883999877373,0.3331956816440074
297,0.1069044952526804,0.3219262286040654,0.23748192119381514,0.33368735494943913
298,0.10104151259317855,0.32559413666054404,0.23956888321564146,0.333795467530636
299,0.10081043914600381,0.3246780523256807,0.24232480992002842,0.3321866986082871
300,0.06776138354156004,0.2897720114061337,0.2893421160165267,0.35312448903577953
301,0.06927893756787006,0.2902557493715155,0.28727605033385384,0.35318926272676054
302,0.06456204236793744,0.29007758320612637,0.2886359127193105,0.3567244617066257
303,0.06627723106403352,0.29031285778110594,0.292136593211883,0.35127331794297745
304,0.06566600464982525,0.2897210980108857,0.2917023071536643,0.35291059018562465
305,0.0663125041046674,0.2900180063402214,0.28895149622398375,0.3547179933311274
306,0.06650530236336209,0.29321820401901905,0.2840515773023163,0.3562249163153025
307,0.06635188908580701,0.2941343311319237,0.2846194873360911,0.35489429244617815
308,0.06558954991049538,0.2968924010518982,0.2796322045757519,0.3578858444618546
309,0.06971034455258211,0.3003698887873356,0.27221525198307905,0.3577045146770032
310,0.0692137897469188,0.3000800301757417,0.27014985659502067,0.3605563234823187
311,0.068967510860498,0.2995312062737756,0.2723558976403329,0.35914538522539335
312,0.06672480591818161,0.29687598623268674,0.2734983565413838,0.36290085130774785
313,0.0663744659491614,0.2990457785119561,0.26723436633876213,0.36734538920012044
314,0.06634301294933753,0.2954262345278631,0.272763062254738,0.36546769026806136
315,0.055763224592930094,0.30094339287431143,0.2690730423279466,0.37422034020481193
316,0.05805908872976108,0.30027088547671904,0.2690875708512198,0.3725824549423001
317,0.06323142855606999,0.30117449550821584,0.2629247641139089,0.37266931182180524
318,0.061852340949136726,0.302195720773652,0.2649884857968193,0.3709634524803921
319,0.057619709461881906,0.3013247293285857,0.2708515496050257,0.3702040116045068
320,0.059386917485244425,0.32140275002186725,0.2668112088331571,0.35239912365973114
321,0.05900945323842676,0.3226305684424876,0.2684154681687154,0.3499445101503701
322,0.05951527495642489,0.32428425214989737,0.265849661570292,0.3503508113233857
323,0.057482232280439305,0.3220441435289714,0.2682651580978176,0.35220846609277157
324,0.05676021701898813,0.3199067876183348,0.27185872425858565,0.3514742711040913
325,0.05572909075839672,0.32281573299614025,0.2714539749029905,0.3500012013424725
326,0.0558348003718439,0.32234720768241626,0.2660318981964387,0.35578609374930104
327,0.05508314884907407,0.3253349446222208,0.2672496531212939,0.35233225340741114
328,0.05742327631534348,0.3263445227482503,0.26531267341994713,0.3509195275164589
329,0.05697382123669006,0.3314756479703759,0.260214791204056,0.35133573958887787
330,0.05465854289673422,0.33376092464624935,0.25505191343251626,0.3565286190245
331,0.05503318180007934,0.33301518418538306,0.25505644618988244,0.35689518782465496
332,0.05550006442246168,0.33348510204066595,0.2532415223263485,0.3577733112105237
333,0.05455290392469803,0.34250471812111205,0.2469547681324289,0.3559876098217609
334,0.05533743146178272,0.34126359284260066,0.2525706252834885,0.3508283504121279
335,0.05898385636950103,0.3330049843054691,0.25854683284635643,0.3494643264786732
336,0.05992814990581372,0.33327489044720804,0.26133727825107633,0.34545968139590166
337,0.06007044945221307,0.33723164202333494,0.257171770172343,0.3455261383521087
338,0.05996932838306539,0.3359024064842817,0.2575888032414259,0.3465394618912267
339,0.062347914977241264,0.32992305712794817,0.26132737695306063,0.3464016509417495
340,0.07707067306210344,0.2863515566564986,0.2666007121963836,0.36997705808501435
341,0.07766839774132314,0.28667055965320826,0.2672285002744115,0.3684325423310573
342,0.07719077561728763,0.28593431739499153,0.2690429468976395,0.36783196009008157
343,0.07893950648680971,0.2853286112926801,0.26971347937596557,0.36601840284454484
344,0.07961294694520335,0.28782828560932877,0.26647534041848503,0.3660834270269831
345,0.07937358131971851,0.28654086758522584,0.2734599882608164,0.36062556283423947
346,0.07709569749332439,0.28792323310712864,0.27390260536204486,0.36107846403750243
347,0.07614477104047256,0.2908502818659671,0.27309258764776717,0.3599123594457936
348,0.07447173487576225,0.2915133202970744,0.27503743076759746,0.35897751405956635
349,0.07491988583223907,0.2923277088532106,0.2746620536195443,0.3580903516950064
350,0.07489414118183703,0.29111858220678327,0.27178257413840873,0.36220470247297126
351,0.07529049182198312,0.28960145659496916,0.27398008453281614,0.36112796705023203
352,0.07541801929597211,0.29311257614504777,0.27317294495477984,0.3582964596042007
353,0.07650801483358549,0.2890474903382193,0.27852969912630554,0.35591479570189005
354,0.07584891725267599,0.2864274848372715,0.2792760405878331,0.3584475573222198
355,0.07590729461135534,0.2865970626339897,0.27877292776954476,0.3587227149851106
356,0.0752609680848329,0.29029662336425904,0.27787357886051933,0.3565688296903892
357,0.07570023814045451,0.28838921798697464,0.27885922328917145,0.35705132058339994
358,0.07375235274004234,0.2878756035264117,0.28022512465115956,0.35814691908238694
359,0.07470351339435666,0.2869150926204015,0.28166806632836966,0.3567133276568728
360,0.0895725768999351,0.2700801176603391,0.2642880138880429,0.3760592915516831
361,0.08989558536970083,0.2648800193584045,0.2635150606112901,0.3817093346606049
362,0.08962686288473434,0.2644974502759317,0.2636516951435654,0.3822239916957688
363,0.09103030006172584,0.26433311444181695,0.26303373309802164,0.3816028523984358
364,0.08851135254095055,0.26662981374727923,0.2629358317803407,0.3819230019314299
365,0.08877133254096466,0.26473145193116504,0.26595035062472466,0.38054686490314593
366,0.08885368644069633,0.2649769881165028,0.26433402104606063,0.38183530439674057
367,0.08898696400011769,0.2629922481188647,0.2657439538648809,0.3822768340161369
368,0.08987391528460957,0.2616636738358014,0.2653197076476413,0.38314270323194793
369,0.08993501897917172,0.26361110839814483,0.2612368057976045,0.38521706682507906
370,0.08995871284893166,0.2624442104568296,0.26452922956487,0.38306784712936887
371,0.08936139215816952,0.26481641147872914,0.26001998270891363,0.3858022136541878
372,0.08909019299596191,0.2651186561650948,0.2614148422629302,0.3843763085760133
373,0.08928247799439948,0.26789972314484445,0.26004661708147353,0.3827711817792827
374,0.08981909986727847,0.26784411697041016,0.2623590251000639,0.37997775806224754
375,0.08944032909731506,0.26476374924453394,0.26478654956537023,0.3810093720927808
376,0.09004483942042893,0.26246224383292566,0.26624490363657355,0.38124801311007195
377,0.09065423213903703,0.26271825701411244,0.26438745633701494,0.38224005450983556
378,0.09045727762532758,0.2624331407173863,0.2663565928389304,0.3807529888183557
379,0.09143335674786,0.2651329358703792,0.2658221329047718,0.37761157447698895
380,0.154990646764785,0.21770257497898474,0.28011007208812727,0.34719670616810305
381,0.1577812840254192,0.21851648936894302,0.27858932013073245,0.34511290647490533
382,0.15726814367034744,0.21678355308334152,0.27999036897715507,0.3459579342691559
383,0.1620359662719451,0.21650930561651854,0.2783523345163727,0.3431023935951636
384,0.1634459862652777,0.2170771057241909,0.27839221083690996,0.3410846971736215
385,0.156247774731288,0.21837545720828064,0.27983277567275505,0.3455439923876763
386,0.15705742859348742,0.22147414251962347,0.2760470672983668,0.3454213615885222
387,0.1582587338023881,0.2244469771453238,0.2729775671904592,0.3443167218618287
388,0.15548224426556256,0.22499229347584007,0.2767262441383358,0.34279921812026143
389,0.15691952158428776,0.2237381683437517,0.2734001663570233,0.3459421437149371
390,0.1560187021928924,0.2228727033986568,0.2724863242796251,0.3486222701288256
391,0.15607345845529663,0.2220728469899616,0.2717669094407583,0.3500867851139834
392,0.15919662120657557,0.2228568111371565,0.2712669136813333,0.34667965397493467
393,0.15998245974645198,0.21889042917578502,0.2723102156506223,0.3488168954271407
394,0.15651866482061122,0.21935164010024136,0.2755035251275019,0.3486261699516456
395,0.15682921122842097,0.22095180887561658,0.272350668415637,0.3498683114803257
396,0.15793777235413886,0.2197704144774683,0.27312873677605987,0.3491630763923333
397,0.15789033102349667,0.22026205141776078,0.27012050949079136,0.3517271080679515
398,0.15748583932184168,0.22059093858477255,0.27297773920274016,0.348945482890646
399,0.157566294246678,0.22164890114432556,0.2707827413667256,0.35000206324227123
400,0.15402248990894385,0.21345839601257582,0.30984036895299505,0.32267874512548533
401,0.1493708321110143,0.21424405407478644,0.3104964719614842,0.3258886418527151
402,0.15022332342383177,0.21326216492066247,0.3114358592906882,0.3250786523648177
403,0.15069525708613954,0.2126144984386832,0.3109510059029608,0.32573923857221637
404,0.15139646889010322,0.20900971738573398,0.3151284797897296,0.3244653339344332
405,0.1523826080532648,0.2081149246908205,0.31676594766900024,0.3227365195869144
406,0.15330401286374204,0.2069214636269495,0.31612255859855515,0.32365196491075326
407,0.15902286300065768,0.2040239795680838,0.31564302673747185,0.3213101306937866
408,0.17401875426095853,0.20092248131223572,0.3090786913641307,0.3159800730626751
409,0.17520717969346886,0.20001315927218077,0.30862906210820334,0.31615059892614705
410,0.17501022090416943,0.19893310604181214,0.30861484119954485,0.31744183185447356
411,0.18145699977267132,0.20059087148582797,0.30198937115442487,0.3159627575870757
412,0.18577992794440423,0.19978324520964075,0.30219847984143094,0.3122383470045238
413,0.18325146767649586,0.19997519923906715,0.30321570570612116,0.31355762737831555
414,0.18352752904895436,0.20146513480078088,0.3020280298483731,0.31297930630189125
415,0.18121182984319992,0.20248226589106205,0.3014677369328687,0.3148381673328689
416,0.18203949271422573,0.20322551730183164,0.2984890216101236,0.3162459683738186
417,0.2104671735080588,0.19746476594602969,0.28567844445711527,0.3063896160887957
418,0.20606198492668093,0.19892291629810882,0.2869174263109163,0.3080976724642934
419,0.2077026729345884,0.19941249242770004,0.2851168532630107,0.3077679813747003
420,0.0735859844482173,0.21951741898847607,0.36715086356159055,0.339745733001716
421,0.07206779555793133,0.2228470245003389,0.3666552862396874,0.3384298937020423
422,0.07120184539715343,0.2223469188497994,0.3703986896058298,0.33605254614721725
423,0.0648141876712762,0.22067419701097518,0.37595643365929454,0.33855518165845394
424,0.05798303737756917,0.2223838571257284,0.378062864926634,0.3415702405700684
425,0.06050134752875124,0.2204513657021746,0.3821318230026903,0.3369154637663839
426,0.0637822821338551,0.22885740143253866,0.36473439876507513,0.3426259176685312
427,0.06268102268483862,0.22960220122646743,0.3573847931249061,0.3503319829637878
428,0.061647616318239666,0.22625446164498952,0.3623806203115955,0.3497173017251754
429,0.060742754608346335,0.2263582180665417,0.36714779110123785,0.3457512362238741
430,0.06317593011366926,0.22513082715062627,0.368266993076516,0.34342624965918855
431,0.06287372324448647,0.22647163431665043,0.3656709728614842,0.3449836695773789
432,0.06215891096309791,0.22765384620726678,0.36195066458482567,0.34823657824480964
433,0.062484926013149464,0.22792016887927116,0.3624197966292427,0.34717510847833655
434,0.05926979057544329,0.2281094024935842,0.36386736687677734,0.348753440054195
435,0.06091426293928051,0.22683190515021695,0.3649899353078399,0.3472638966026625
436,0.059502894970824914,0.22596580388192494,0.36836432486648707,0.34616697628076293
437,0.061360866527322755,0.2233808773924974,0.3730114233042455,0.34224683277593426
438,0.06011815719980471,0.22429069255746664,0.37107956379835955,0.34451158644436913
439,0.06071523377848929,0.2235342836408721,0.37479002416062984,0.34096045842000877
440,0.06728897230806127,0.25745699820728524,0.33856370085996296,0.3366903286246905
441,0.06814543106902142,0.25735053866370855,0.33879811322124687,0.33570591704602315
442,0.06799420490087221,0.25721530767016515,0.3378240021409126,0.33696648528805007
443,0.06759467345821436,0.25475176636651975,0.3408907174941018,0.33676284268116413
444,0.06731265465546753,0.25778480993973063,0.3385262411820392,0.3363762942227628
445,0.06592594330188581,0.2561885927134616,0.3404860740789817,0.337399389905671
446,0.06645074221047612,0.2550633345688908,0.3404480567253464,0.3380378664952867
447,0.06611402141721624,0.2557465314262632,0.34008394135915115,0.33805550579736954
448,0.06583609744212116,0.2577283436271485,0.33696977467755124,0.33946578425317925
449,0.06596521532446341,0.2572181154396598,0.3376681122680286,0.33914855696784846
450,0.06575419141873966,0.25826230667195443,0.3361280338368021,0.33985546807250405
451,0.061007323606837215,0.2610359881944455,0.33882637777626484,0.33913031042245273
452,0.055325047427294154,0.26575348686190725,0.33998098844381475,0.3389404772669842
453,0.05709919211269249,0.26401115664203706,0.3403615065561296,0.3385281446891412
454,0.05802674496026281,0.2632650136429045,0.3391853619931034,0.33952287940372977
455,0.058040126666174856,0.26004291151898123,0.3439632913244175,0.3379536704904269
456,0.05952686164164867,0.25935151802714373,0.34314040292232295,0.3379812174088851
457,0.058948376404382996,0.259308046796902,0.34189512899827035,0.33984844780044515
458,0.059253356926008235,0.2599731788569387,0.3403306410480259,0.3404428231690275
459,0.05916586402395236,0.25909458763588283,0.34313445958386457,0.3386050887563006
460,0.060471504983273715,0.25368204783294207,0.3566574370726192,0.3291890101111649
461,0.05853897498177536,0.25541060039153024,0.35888429841467484,0.3271661262120195
462,0.05960782086142047,0.25677672563438364,0.3571822834412998,0.326433170062896
463,0.05903771151317257,0.2562612238706477,0.357051734741615,0.3276493298745648
464,0.05899507658328755,0.25679569290352283,0.3569080937369811,0.3273011367762084
465,0.05939000854619827,0.2556386944917257,0.3579547914279869,0.327016505534089
466,0.06031633346363993,0.2543718295067719,0.35669459965446093,0.3286172373751271
467,0.05993112516200315,0.2541577569752687,0.3571671684526569,0.32874394941007107
468,0.05994462355744508,0.2527783315797772,0.35740170040922303,0.32987534445355443
469,0.05981183734928978,0.2530568917681861,0.3578607468646305,0.3292705240178934
470,0.06017340610384704,0.25339578045782485,0.35817569871315047,0.3282551147251774
471,0.05923713072077511,0.25237270588318345,0.3577729690591497,0.3306171943368916
472,0.0598298465370178,0.25084238372552436,0.35864137080281766,0.33068639893463997
473,0.05969433875944105,0.2506564059679935,0.3580715866395973,0.33157766863296795
474,0.05930097406696752,0.2514086104908592,0.35770354444859,0.3315868709935832
475,0.05952898619253809,0.25351200265992907,0.3586728705799487,0.32828614056758393
476,0.06233405087320347,0.2549024125670412,0.35576352976251097,0.32700000679724434
477,0.06279745112643177,0.2542129747004832,0.3559879059161248,0.32700166825696025
478,0.0643170242354144,0.25415794902871064,0.3569950486346677,0.32452997810120726
479,0.0650061618395918,0.256603817067076,0.35403735013938825,0.32435267095394393
480,0.0768697774941743,0.26941656224308974,0.34470097484831375,0.3090126854144221
481,0.07778836501746626,0.27037765375247985,0.34320657515864167,0.30862740607141204
482,0.07786038826621422,0.2709109264260296,0.34258503693221604,0.3086436483755401
483,0.07741889982540065,0.2692001512879656,0.34603504135218827,0.30734590753444535
484,0.07736140211566339,0.2684147090533011,0.3445420936841049,0.3096817951469304
485,0.07765622637833045,0.26900015195779425,0.3446424769478104,0.30870114471606463
486,0.07744383060919748,0.2689253687828199,0.34423340454742235,0.30939739606056005
